4096
















0.1

















0.2

















0.25

















0.5

















0.75

















0.8

















0.95

















0.96

















0.98

















1

194.444444444444

















473.555555555556

















478.222222222222

















500.444444444444

















502.888888888889

















500.444444444444

















501.333333333333

















501.111111111111

















502.444444444445

















502.222222222222

